0.06272461015731096
0.1525215223804116
0.21669062919914722
0.19853969015181064
0.22833379432559014
0.2741057565435767
0.22327554799616336
0.2461796224862337
0.23136501364409923
0.21825306624174118
0.2438545960187912
0.25466572292149064
0.2399398873746395
0.3758362080156803
0.3642260704562068
0.39449125066399576
0.40320323288440707
0.34522378161549566
0.3437702763825655
0.35599378641694784
0.40062139235436917
0.4389031271636486
0.4292935132235289
0.48723569974303244
0.5036246360838413
0.5435862776637077
0.5913791759684682
0.5703707968443632
0.5957658787071705
0.6445052121579647
0.6678050234913826
0.6270272665470839
0.7185887300223112
0.5910480299964547
0.6791923759877682
0.6948344749212265
0.7136046358942986
0.7410313862934709
0.7061490956693888
0.739194887764752
0.6865407783538103
0.7085685814917088
0.671536828763783
0.7134744759649039
0.7827934861928224
0.8278631911426783
0.7454455998539925
0.8219683873653412
0.8069361554831267
0.8530249355733395
0.8534338814765214
0.7963356178998947
0.7684656964242458
0.8161419362574815
0.8131861342489719
0.8061409395188093
0.8523429153114557
0.7804502024501562
0.8807182099670172
0.8276553811132907
0.7493319848179817
0.8379614848271012
0.8239452429115772
0.8195752830803394
0.80598509632051
0.8318989383429289
0.7816534800082445
0.7763789444789291
0.8427700935304165
0.8219054479897022
0.8041134889423848
0.8904656136035919
0.8770105193555355
0.897990246117115
0.8729328940063715
0.8166831936687231
0.8377126701176166
0.8987534488737583
0.8466607484221459
0.8785957065597176
0.8729905865713954
0.8293655218183994
0.9174341492354869
0.8435795720666647
0.805802174732089
0.9055028109252453
0.850489136390388
0.8447250776737928
0.7823354777693748
0.8329857803881169
0.7933473425358534
0.7697964192181825
0.8977642376720906
0.8621353705227375
0.8173657919839025
0.9040706285834312
0.8740632049739361
0.8824822823703289
0.860638872012496
0.7975178571790457
0.860345670208335
0.8867251093685627
0.8223834034800529
0.8728096647560597
0.8952319061011076
0.8432402984797954
0.8935090215504169
0.8727641231566667
0.8206730975210667
0.864889734685421
0.8652754749357701
0.8663997891545295
0.8873737045004964
0.867566198259592
0.798029877319932
0.7805732228979468
0.8733947311341762
0.8651294676214456
0.8310131904482841
0.928534047305584
0.8602348380535841
0.8264294971525669
0.8564869296550751
0.8271644209325314
0.8703110384196043
0.8917171647399664
0.8150940692424774
0.845575612038374
0.8826084343343973
0.8159332701563835
0.9207310136407614
0.8472103480994702
0.8278161388635635
0.8796251194179058
0.8629741685092449
0.8473035147041083
0.8161288652569055
0.8015704426169395
0.7157493253797292
0.8177886549383402
0.8863636748492718
0.9039807233214379
0.8147253350913525
0.9102426820993423
0.9016862078011036
0.8508403773605824
0.8854220917820931
0.8753955079615117
0.8883336742967367
0.8709547111392021
0.8827809008210897
0.8864647171646357
0.9182104604691267
0.848065675906837
0.8721338217705488
0.8874445129185915
0.7978415389358997
0.8626523583382368
0.7906042750179768
0.8285838623717428
0.8437170961499214
0.8103494306653738
0.8278074569255114
0.7896031354367733
0.8376778526976705
0.8765524113178254
0.8158452408015728
0.9062167713046074
